146,6
146,5
146,4
146,3
146,2
146,1
146,0
145,3
145,2
145,1
145,0
144,3
144,2
144,1
144,0
143,4
143,3
143,2
143,1
143,0
142,3
142,2
142,1
142,0
137,0
135,4
135,2
135,0
134,2
134,0
0,278
139,6
139,5
139,4
139,2
139,0
139,1
139,3
10,270
10,10
10,236
10,184
10,20
10,308
10,244
10,6
11,28
11,26
11,22
11,10
11,6
11,14
11,12
9,4
9,6
8,8
8,9
8,18
137,4
137,3
137,2
137,1
135,3
135,1
134,3
134,1
20,3
20,2
20,1
19,2
12,3
19,1
12,2
19,3
12,1
11,27
11,25
11,21
11,19
11,17
11,15
11,13
11,3
11,2
11,1
10,305
10,297
10,267
10,249
10,167
10,165
10,33
10,7
10,3
10,2
10,1
9,7
9,5
9,3
9,2
9,1
8,16
18,1
8,15
18,3
8,11
8,10
14,1
8,7
14,3
8,6
8,5
13,1
8,3
